% latex table generated in R 4.0.4 by xtable 1.8-4 package
% Sun Mar 28 15:45:12 2021
\begin{table}[ht]
\centering
\begin{tabular}{lrrr}
  \hline
appln\_filing\_year & 0\%-90\% & 90\%-99\% & Top 1\% \\ 
  \hline
1995 & 0.69 & 0.25 & 0.06 \\ 
  1996 & 0.67 & 0.28 & 0.04 \\ 
  1997 & 0.73 & 0.22 & 0.05 \\ 
  1998 & 0.70 & 0.21 & 0.08 \\ 
  1999 & 0.65 & 0.23 & 0.12 \\ 
  2000 & 0.61 & 0.24 & 0.16 \\ 
  2001 & 0.69 & 0.23 & 0.08 \\ 
  2002 & 0.58 & 0.28 & 0.14 \\ 
  2003 & 0.60 & 0.24 & 0.15 \\ 
  2004 & 0.56 & 0.27 & 0.17 \\ 
  2005 & 0.56 & 0.28 & 0.16 \\ 
  2006 & 0.53 & 0.25 & 0.22 \\ 
  2007 & 0.53 & 0.25 & 0.22 \\ 
  2008 & 0.49 & 0.29 & 0.22 \\ 
  2009 & 0.51 & 0.27 & 0.22 \\ 
  2010 & 0.47 & 0.28 & 0.25 \\ 
  2011 & 0.42 & 0.28 & 0.29 \\ 
  2012 & 0.43 & 0.28 & 0.29 \\ 
  2013 & 0.38 & 0.27 & 0.35 \\ 
  2014 & 0.38 & 0.29 & 0.34 \\ 
  2015 & 0.37 & 0.26 & 0.37 \\ 
  2016 & 0.35 & 0.27 & 0.38 \\ 
  2017 & 0.34 & 0.27 & 0.39 \\ 
   \hline
\end{tabular}
\end{table}
